
0.65
1.33 0.68
1.38 0.73 0.05
2.75 2.10 1.42 1.37
0.89 0.24 0.44 0.49 1.86
0.92 0.27 0.41 0.46 1.83 0.03
0.74 0.09 0.59 0.64 2.01 0.15 0.18
0.58 0.07 0.75 0.80 2.17 0.31 0.34 0.16
0.00 0.65 1.33 1.38 2.75 0.89 0.92 0.74 0.58
0.00 0.65 1.33 1.38 2.75 0.89 0.92 0.74 0.58 0.00
0.33 0.32 1.00 1.05 2.42 0.56 0.59 0.41 0.25 0.33 0.33
0.00 0.65 1.33 1.38 2.75 0.89 0.92 0.74 0.58 0.00 0.00 0.33
0.00 0.65 1.33 1.38 2.75 0.89 0.92 0.74 0.58 0.00 0.00 0.33 0.00
0.39 0.26 0.94 0.99 2.36 0.50 0.53 0.35 0.19 0.39 0.39 0.06 0.39 0.39
1.42 0.77 0.09 0.04 1.33 0.53 0.50 0.68 0.84 1.42 1.42 1.09 1.42 1.42 1.03
0.71 0.06 0.62 0.67 2.04 0.18 0.21 0.03 0.13 0.71 0.71 0.38 0.71 0.71 0.32 0.71
0.13 0.52 1.20 1.25 2.62 0.76 0.79 0.61 0.45 0.13 0.13 0.20 0.13 0.13 0.26 1.29 0.58
0.20 0.45 1.13 1.18 2.55 0.69 0.72 0.54 0.38 0.20 0.20 0.13 0.20 0.20 0.19 1.22 0.51 0.07
0.00 0.65 1.33 1.38 2.75 0.89 0.92 0.74 0.58 0.00 0.00 0.33 0.00 0.00 0.39 1.42 0.71 0.13 0.20

 A    R    N    D    C    Q    E    G    H    I    L    K    M    F    P    S    T    W    Y    V
Ala  Arg  Asn  Asp  Cys  Gln  Glu  Gly  His  Ile  Leu  Lys  Met  Phe  Pro  Ser  Thr  Trp  Tyr  Val
 0   .65 1.33  1.38 2.75 .89  .92  .74  .58   0    0   .33   0    0   .39 1.42  .71  .13  .20   0

Composition from Grantham (1974): d_ij=|d_i - d_j|
d_max = 2.75
Prepared by Z Yang, 6 May 1998.
