 0.189
 0.026 0.215
 0.175 0.364 0.149
 0.074 0.263 0.048 0.101
 0.043 0.146 0.069 0.218 0.117
 0.136 0.325 0.110 0.039 0.062 0.179
 0.037 0.152 0.063 0.212 0.111 0.006 0.173
 0.430 0.241 0.456 0.605 0.504 0.387 0.566 0.393
 0.111 0.078 0.137 0.286 0.185 0.068 0.247 0.074 0.319
 0.102 0.087 0.128 0.277 0.176 0.059 0.238 0.065 0.328 0.009
 0.159 0.030 0.185 0.334 0.233 0.116 0.295 0.122 0.271 0.048 0.057
 0.069 0.120 0.095 0.244 0.143 0.026 0.205 0.032 0.361 0.042 0.033 0.090
 0.548 0.359 0.574 0.723 0.622 0.505 0.684 0.511 0.118 0.437 0.446 0.389 0.479
 0.094 0.095 0.120 0.269 0.168 0.051 0.230 0.057 0.336 0.017 0.008 0.065 0.025 0.454
 0.043 0.232 0.017 0.132 0.031 0.086 0.093 0.080 0.473 0.154 0.145 0.202 0.112 0.591 0.137
 0.098 0.287 0.072 0.077 0.024 0.141 0.038 0.135 0.528 0.209 0.200 0.257 0.167 0.646 0.192 0.055
 0.603 0.414 0.629 0.778 0.677 0.560 0.739 0.566 0.173 0.492 0.501 0.444 0.534 0.055 0.509 0.646 0.701
 0.491 0.302 0.517 0.666 0.565 0.448 0.627 0.454 0.061 0.380 0.389 0.332 0.422 0.057 0.397 0.534 0.589 0.112
 0.045 0.234 0.019 0.130 0.029 0.088 0.091 0.082 0.475 0.156 0.147 0.204 0.114 0.593 0.139 0.002 0.053 0.648 0.536

   A     R     N     D     C     Q     E     G     H     I     L     K     M     F      P    S    T    W    Y    V
 Ala   Arg   Asn   Asp   Cys   Gln   Glu   Gly   His   Ile   Leu   Lys   Met   Phe   Pro  Ser  Thr  Trp  Tyr  Val


aromaticity ( data from Xuhua Xia): d_ij=|d_i - d_j|
d_max = 0.778

Prepared by Z Yang
Thu Apr  1 16:19:06 BST 1999
